0.962 66933.0
0.961 64660.0
0.959 55782.0
0.952 62607.0
0.951 49238.0
0.948 60365.0
0.947 54489.0
0.945 76169.0
0.942 54534.0
0.941 55979.0
0.94 49452.0
0.939 90919.0
0.937 52293.0
0.937 44057.0
0.936 46808.0
0.935 146830.0
0.93 84649.0
0.929 45225.0
0.925 44501.0
0.925 42274.0
0.921 64765.0
0.919 41524.0
0.918 39746.0
0.918 38884.0
0.916 53619.0
0.911 62574.0
0.905 38354.0
0.903 45937.0
0.896 38188.0
0.895 42840.0
0.89 38048.0
0.889 38745.0
0.887 29002.0
0.876 33034.0
0.875 46112.0
0.875 39497.0
0.875 37931.0
0.866 33155.0
0.863 32803.0
0.858 51167.0
0.858 30132.0
0.855 87134.0
0.855 24563.0
0.848 30690.0
0.846 32789.0
0.842 20925.0
0.838 31033.0
0.832 20839.0
0.831 52920.0
0.829 64490.0
0.822 27166.0
0.821 30027.0
0.816 27054.0
0.812 30486.0
0.811 23943.0
0.81 23392.0
0.809 21269.0
0.809 19974.0
0.808 18849.0
0.805 26957.0
0.803 26658.0
0.802 22025.0
0.802 19123.0
0.802 14664.0
0.8 17030.0
0.796 14131.0
0.795 23079.0
0.795 13484.0
0.79 12306.0
0.788 16792.0
0.785 25831.0
0.782 12578.0
0.78 15242.0
0.774 13001.0
0.773 13256.0
0.77 15918.0
0.768 17504.0
0.767 17990.0
0.767 14875.0
0.764 7879.0
0.762 12246.0
0.759 13158.0
0.758 17896.0
0.754 14370.0
0.752 14384.0
0.751 11961.0
0.747 15448.0
0.745 14257.0
0.745 13021.0
0.745 10800.0
0.74 10312.0
0.739 10588.0
0.731 11732.0
0.731 10258.0
0.73 9980.0
0.73 12672.0
0.727 7917.0
0.72 9924.0
0.72 11488.0
0.718 15336.0
0.717 12349.0
0.715 6583.0
0.715 12048.0
0.714 22465.0
0.713 12948.0
0.709 8834.0
0.706 9526.0
0.706 13367.0
0.705 11466.0
0.703 7867.0
0.699 8920.0
0.693 16198.0
0.692 8111.0
0.692 4566.0
0.691 4811.0
0.686 9977.0
0.685 4548.0
0.683 7303.0
0.683 6309.0
0.675 8296.0
0.667 5625.0
0.666 9438.0
0.661 5472.0
0.639 4620.0
0.633 6590.0
0.632 5745.0
0.628 3696.0
0.627 8723.0
0.621 5298.0
0.618 4021.0
0.615 8634.0
0.607 7700.0
0.607 3085.0
0.602 3877.0
0.597 7679.0
0.593 4079.0
0.593 3810.0
0.586 5466.0
0.585 3851.0
0.577 4192.0
0.576 3621.0
0.575 4474.0
0.571 2889.0
0.565 3218.0
0.564 2482.0
0.558 4009.0
0.558 3142.0
0.556 5075.0
0.549 2664.0
0.544 4624.0
0.539 2167.0
0.535 4790.0
0.535 2848.0
0.534 2210.0
0.525 3409.0
0.525 2181.0
0.514 2700.0
0.512 1466.0
0.511 3344.0
0.509 5025.0
0.508 3575.0
0.501 1484.0
0.5 2172.0
0.498 2361.0
0.492 1729.0
0.481 1289.0
0.479 1076.0
0.478 1824.0
0.477 1622.0
0.465 2481.0
0.455 1314.0
0.449 2118.0
0.446 1198.0
0.428 2133.0
0.426 732.0
0.404 966.0
0.4 1240.0
0.394 1364.0
0.385 768.0
 
 
 
 
 
 
 
 
 
 
 
 
 
 
 
