106.48 42274.0
106.47 
105.89 90919.0
105.37 62607.0
104.1 17504.0
102.35 44501.0
101.6 18849.0
101.2 49452.0
101.07 146830.0
100.74 55979.0
100.74 54534.0
100.72 38048.0
99.87 84649.0
99.82 
99.75 4079.0
99.52 46808.0
99.24 66933.0
99.24 49238.0
99.24 32789.0
99.12 45225.0
98.82 
98.6 39746.0
98.57 44057.0
98.38 53619.0
98.26 55782.0
97.83 60365.0
97.49 52293.0
97.43 64765.0
97.13 64660.0
97.0 54489.0
96.69 45937.0
96.35 33034.0
96.32 30690.0
96.29 27166.0
95.89 37931.0
95.75 30132.0
95.2 51167.0
95.13 76169.0
94.92 38745.0
94.79 32803.0
94.23 42840.0
93.92 3085.0
93.92 
93.9 38354.0
93.48 
93.39 38188.0
92.77 33155.0
92.43 41524.0
91.6 12306.0
91.27 38884.0
91.18 3851.0
91.03 10588.0
90.99 23079.0
90.77 29002.0
90.29 12672.0
90.07 13256.0
89.98 14875.0
89.6 19123.0
89.53 7867.0
89.28 9977.0
89.01 7917.0
88.89 23943.0
88.87 17030.0
88.82 13158.0
88.54 15242.0
88.34 19974.0
87.94 9438.0
87.89 24563.0
87.73 17896.0
87.71 4548.0
87.59 21269.0
87.58 64490.0
87.58 26658.0
86.99 30486.0
86.88 30027.0
86.8 31033.0
86.63 20925.0
86.62 12578.0
86.56 22025.0
85.86 13021.0
85.78 20839.0
85.63 23392.0
84.81 14257.0
84.5 14664.0
84.29 
84.04 12349.0
83.96 9980.0
83.96 4620.0
83.96 3696.0
83.96 2482.0
83.9 7879.0
83.6 39497.0
83.38 14370.0
83.23 22465.0
83.13 14384.0
82.99 4811.0
82.24 
82.12 1824.0
82.1 2848.0
82.05 62574.0
82.05 17990.0
81.99 
81.91 15918.0
81.75 14131.0
81.7 9526.0
81.64 8920.0
81.44 12246.0
81.36 
80.99 7700.0
80.92 15336.0
80.78 87134.0
80.7 9924.0
80.54 15448.0
80.01 13001.0
80.0 4624.0
79.34 13484.0
79.22 10258.0
79.09 4566.0
79.0 26957.0
78.87 3575.0
78.87 1364.0
78.76 25831.0
78.7 27054.0
78.64 52920.0
78.49 4009.0
78.49 11466.0
78.49 
78.26 10312.0
77.69 6583.0
77.37 3344.0
77.07 3142.0
76.79 1484.0
76.69 
76.53 8111.0
76.42 2181.0
76.36 46112.0
76.32 11732.0
76.24 6590.0
76.0 10800.0
75.2 4474.0
75.1 5466.0
75.08 8834.0
74.95 2664.0
74.41 4192.0
74.33 5472.0
74.01 3810.0
73.8 2118.0
73.68 12048.0
72.5 1198.0
72.09 732.0
70.82 1240.0
70.48 16792.0
69.95 2210.0
69.71 3409.0
69.7 1466.0
69.63 8296.0
69.45 16198.0
68.87 7679.0
68.87 2700.0
68.87 12948.0
68.77 1729.0
68.74 
68.43 3218.0
68.42 2361.0
68.41 5025.0
67.76 4790.0
67.76 3621.0
67.67 
67.03 7303.0
66.19 8634.0
66.03 11488.0
65.22 4021.0
64.92 2889.0
63.42 11961.0
62.97 13367.0
62.97 1076.0
62.86 1314.0
62.55 966.0
62.55 6309.0
62.16 5298.0
59.83 2167.0
59.76 5075.0
59.76 2133.0
58.61 768.0
58.16 5745.0
58.16 
53.48 2481.0
52.69 5625.0
52.68 2172.0
47.72 8723.0
45.07 1622.0
45.07 1289.0
42.99 3877.0
 
