106.48 0.925
106.47 
105.89 0.939
105.37 0.952
104.1 0.768
102.35 0.925
101.6 0.808
101.2 0.94
101.07 0.935
100.74 0.942
100.74 0.941
100.72 0.89
99.87 0.93
99.82 
99.75 0.593
99.52 0.936
99.24 0.962
99.24 0.951
99.24 0.846
99.12 0.929
98.82 
98.6 0.918
98.57 0.937
98.38 0.916
98.26 0.959
97.83 0.948
97.49 0.937
97.43 0.921
97.13 0.961
97.0 0.947
96.69 0.903
96.35 0.876
96.32 0.848
96.29 0.822
95.89 0.875
95.75 0.858
95.2 0.858
95.13 0.945
94.92 0.889
94.79 0.863
94.23 0.895
93.92 0.607
93.92 
93.9 0.905
93.48 
93.39 0.896
92.77 0.866
92.43 0.919
91.6 0.79
91.27 0.918
91.18 0.585
91.03 0.739
90.99 0.795
90.77 0.887
90.29 0.73
90.07 0.773
89.98 0.767
89.6 0.802
89.53 0.703
89.28 0.686
89.01 0.727
88.89 0.811
88.87 0.8
88.82 0.759
88.54 0.78
88.34 0.809
87.94 0.666
87.89 0.855
87.73 0.758
87.71 0.685
87.59 0.809
87.58 0.829
87.58 0.803
86.99 0.812
86.88 0.821
86.8 0.838
86.63 0.842
86.62 0.782
86.56 0.802
85.86 0.745
85.78 0.832
85.63 0.81
84.81 0.745
84.5 0.802
84.29 
84.04 0.717
83.96 0.73
83.96 0.639
83.96 0.628
83.96 0.564
83.9 0.764
83.6 0.875
83.38 0.754
83.23 0.714
83.13 0.752
82.99 0.691
82.24 
82.12 0.478
82.1 0.535
82.05 0.911
82.05 0.767
81.99 
81.91 0.77
81.75 0.796
81.7 0.706
81.64 0.699
81.44 0.762
81.36 
80.99 0.607
80.92 0.718
80.78 0.855
80.7 0.72
80.54 0.747
80.01 0.774
80.0 0.544
79.34 0.795
79.22 0.731
79.09 0.692
79.0 0.805
78.87 0.508
78.87 0.394
78.76 0.785
78.7 0.816
78.64 0.831
78.49 0.705
78.49 0.558
78.49 
78.26 0.74
77.69 0.715
77.37 0.511
77.07 0.558
76.79 0.501
76.69 
76.53 0.692
76.42 0.525
76.36 0.875
76.32 0.731
76.24 0.633
76.0 0.745
75.2 0.575
75.1 0.586
75.08 0.709
74.95 0.549
74.41 0.577
74.33 0.661
74.01 0.593
73.8 0.449
73.68 0.715
72.5 0.446
72.09 0.426
70.82 0.4
70.48 0.788
69.95 0.534
69.71 0.525
69.7 0.512
69.63 0.675
69.45 0.693
68.87 0.713
68.87 0.597
68.87 0.514
68.77 0.492
68.74 
68.43 0.565
68.42 0.498
68.41 0.509
67.76 0.576
67.76 0.535
67.67 
67.03 0.683
66.19 0.615
66.03 0.72
65.22 0.618
64.92 0.571
63.42 0.751
62.97 0.706
62.97 0.479
62.86 0.455
62.55 0.683
62.55 0.404
62.16 0.621
59.83 0.539
59.76 0.556
59.76 0.428
58.61 0.385
58.16 0.632
58.16 
53.48 0.465
52.69 0.667
52.68 0.5
47.72 0.627
45.07 0.481
45.07 0.477
42.99 0.602
 
