106.48 0.99
106.47 0.96
105.89 0.97
105.37 0.94
104.1 0.96
102.35 0.98
101.6 1.0
101.2 1.0
101.07 1.0
100.74 0.99
100.74 0.99
100.72 1.0
99.87 1.0
99.82 0.97
99.75 0.78
99.52 0.99
99.24 0.99
99.24 0.99
99.24 0.99
99.12 0.99
98.82 1.0
98.6 1.0
98.57 0.99
98.38 0.98
98.26 0.99
97.83 0.99
97.49 0.99
97.43 0.99
97.13 1.0
97.0 0.99
96.69 0.99
96.35 1.0
96.32 1.0
96.29 1.0
95.89 1.0
95.75 0.99
95.2 1.0
95.13 0.99
94.92 0.99
94.79 1.0
94.23 0.99
93.92 0.97
93.92 0.85
93.9 0.98
93.48 0.98
93.39 0.99
92.77 0.95
92.43 0.97
91.6 1.0
91.27 0.94
91.18 0.93
91.03 0.98
90.99 0.98
90.77 0.95
90.29 0.96
90.07 1.0
89.98 0.99
89.6 0.98
89.53 0.95
89.28 0.8
89.01 1.0
88.89 1.0
88.87 0.94
88.82 1.0
88.54 0.98
88.34 0.98
87.94 0.64
87.89 0.97
87.73 0.95
87.71 1.0
87.59 0.98
87.58 0.97
87.58 0.95
86.99 0.96
86.88 0.99
86.8 0.96
86.63 0.98
86.62 0.93
86.56 0.91
85.86 1.0
85.78 0.99
85.63 0.99
84.81 1.0
84.5 1.0
84.29 0.98
84.04 0.96
83.96 0.98
83.96 0.94
83.96 0.89
83.96 0.84
83.9 1.0
83.6 0.96
83.38 0.93
83.23 0.88
83.13 0.95
82.99 0.95
82.24 0.99
82.12 0.38
82.1 0.61
82.05 0.93
82.05 0.92
81.99 0.93
81.91 0.98
81.75 0.98
81.7 0.94
81.64 0.97
81.44 0.94
81.36 0.97
80.99 0.8
80.92 0.91
80.78 0.98
80.7 0.98
80.54 0.99
80.01 0.87
80.0 0.56
79.34 0.96
79.22 0.81
79.09 0.99
79.0 0.95
78.87 0.59
78.87 0.4
78.76 0.95
78.7 0.94
78.64 0.96
78.49 0.95
78.49 0.64
78.49 0.63
78.26 0.95
77.69 0.97
77.37 0.56
77.07 0.78
76.79 0.65
76.69 0.98
76.53 0.95
76.42 0.74
76.36 0.95
76.32 0.76
76.24 0.72
76.0 0.8
75.2 0.78
75.1 0.71
75.08 0.89
74.95 0.8
74.41 0.86
74.33 0.61
74.01 0.87
73.8 0.38
73.68 0.9
72.5 0.59
72.09 0.85
70.82 0.19
70.48 0.99
69.95 0.71
69.71 0.38
69.7 0.66
69.63 0.88
69.45 0.88
68.87 0.95
68.87 0.87
68.87 0.79
68.77 0.74
68.74 0.97
68.43 0.85
68.42 0.49
68.41 0.68
67.76 0.75
67.76 0.6
67.67 0.38
67.03 0.72
66.19 0.91
66.03 0.94
65.22 0.92
64.92 0.77
63.42 0.96
62.97 0.83
62.97 0.79
62.86 0.7
62.55 0.83
62.55 0.37
62.16 0.88
59.83 0.67
59.76 0.52
59.76 0.33
58.61 0.32
58.16 0.77
58.16 0.43
53.48 0.3
52.69 0.82
52.68 0.58
47.72 0.79
45.07 0.48
45.07 0.48
42.99 0.65
 
