106.48 29
106.47 4
105.89 0
105.37 1
104.1 8
102.35 0
101.6 2
101.2 5
101.07 0
100.74 22
100.74 111
100.72 0
99.87 2
99.82 0
99.75 0
99.52 28
99.24 27
99.24 13
99.24 12
99.12 137
98.82 0
98.6 1
98.57 3
98.38 22
98.26 1
97.83 13
97.49 11
97.43 400
97.13 13
97.0 32
96.69 71
96.35 19
96.32 0
96.29 0
95.89 3
95.75 2
95.2 0
95.13 11
94.92 6
94.79 1
94.23 21
93.92 0
93.92 0
93.9 8
93.48 0
93.39 1
92.77 2
92.43 13
91.6 0
91.27 0
91.18 1
91.03 0
90.99 1
90.77 2
90.29 0
90.07 6
89.98 0
89.6 0
89.53 1
89.28 1
89.01 0
88.89 0
88.87 0
88.82 0
88.54 2
88.34 1
87.94 0
87.89 2
87.73 3
87.71 0
87.59 0
87.58 0
87.58 0
86.99 0
86.88 5
86.8 2
86.63 5
86.62 0
86.56 0
85.86 0
85.78 0
85.63 1
84.81 1
84.5 0
84.29 0
84.04 0
83.96 0
83.96 0
83.96 0
83.96 0
83.9 0
83.6 0
83.38 0
83.23 0
83.13 2
82.99 1
82.24 0
82.12 0
82.1 0
82.05 0
82.05 0
81.99 0
81.91 0
81.75 0
81.7 0
81.64 1
81.44 1
81.36 0
80.99 0
80.92 0
80.78 0
80.7 0
80.54 0
80.01 1
80.0 2
79.34 0
79.22 1
79.09 0
79.0 0
78.87 0
78.87 0
78.76 0
78.7 0
78.64 0
78.49 0
78.49 0
78.49 0
78.26 0
77.69 1
77.37 0
77.07 0
76.79 0
76.69 0
76.53 0
76.42 0
76.36 0
76.32 4
76.24 12
76.0 2
75.2 1
75.1 0
75.08 0
74.95 1
74.41 0
74.33 2
74.01 0
73.8 0
73.68 2
72.5 0
72.09 0
70.82 0
70.48 0
69.95 0
69.71 0
69.7 0
69.63 0
69.45 0
68.87 11
68.87 0
68.87 0
68.77 0
68.74 0
68.43 0
68.42 1
68.41 0
67.76 1
67.76 0
67.67 0
67.03 1
66.19 0
66.03 0
65.22 0
64.92 0
63.42 0
62.97 0
62.97 0
62.86 1
62.55 0
62.55 0
62.16 0
59.83 0
59.76 0
59.76 0
58.61 0
58.16 1
58.16 0
53.48 0
52.69 0
52.68 0
47.72 2
45.07 2
45.07 0
42.99 0
 
