106.48 13.4
106.47 
105.89 11.9
105.37 12.2
104.1 7.6
102.35 12.5
101.6 12.1
101.2 12.9
101.07 12.5
100.74 14.1
100.74 12.6
100.72 13.5
99.87 13.0
99.82 
99.75 5.1
99.52 13.8
99.24 13.9
99.24 12.7
99.24 12.2
99.12 13.4
98.82 
98.6 12.8
98.57 12.9
98.38 12.3
98.26 13.8
97.83 13.0
97.49 12.4
97.43 13.7
97.13 13.0
97.0 12.6
96.69 11.6
96.35 13.2
96.32 12.9
96.29 12.8
95.89 13.5
95.75 12.2
95.2 10.6
95.13 11.6
94.92 12.9
94.79 13.3
94.23 10.7
93.92 7.1
93.92 
93.9 10.6
93.48 
93.39 12.4
92.77 9.6
92.43 13.3
91.6 9.9
91.27 12.2
91.18 6.4
91.03 9.4
90.99 11.4
90.77 11.4
90.29 9.8
90.07 11.1
89.98 11.8
89.6 11.4
89.53 8.4
89.28 7.9
89.01 11.9
88.89 12.3
88.87 8.7
88.82 11.3
88.54 10.5
88.34 8.8
87.94 5.2
87.89 10.9
87.73 9.2
87.71 11.3
87.59 9.0
87.58 9.2
87.58 10.6
86.99 12.6
86.88 11.3
86.8 8.6
86.63 11.1
86.62 10.8
86.56 10.4
85.86 11.3
85.78 12.2
85.63 11.6
84.81 10.5
84.5 12.8
84.29 
84.04 8.9
83.96 7.8
83.96 5.7
83.96 10.9
83.96 10.9
83.9 12.5
83.6 11.0
83.38 8.1
83.23 8.6
83.13 8.9
82.99 11.1
82.24 
82.12 3.0
82.1 5.6
82.05 9.3
82.05 12.7
81.99 
81.91 10.2
81.75 11.3
81.7 8.7
81.64 9.0
81.44 9.9
81.36 
80.99 5.4
80.92 7.6
80.78 10.0
80.7 10.4
80.54 7.3
80.01 10.6
80.0 4.5
79.34 9.0
79.22 7.4
79.09 11.4
79.0 10.5
78.87 3.8
78.87 2.6
78.76 10.3
78.7 11.7
78.64 7.3
78.49 8.6
78.49 4.7
78.49 
78.26 8.8
77.69 9.9
77.37 2.9
77.07 5.1
76.79 5.1
76.69 
76.53 9.8
76.42 5.7
76.36 11.3
76.32 9.6
76.24 6.7
76.0 8.1
75.2 6.7
75.1 5.4
75.08 9.2
74.95 6.4
74.41 5.1
74.33 7.4
74.01 8.7
73.8 2.1
73.68 8.5
72.5 3.2
72.09 3.1
70.82 2.1
70.48 9.3
69.95 4.4
69.71 4.3
69.7 4.5
69.63 7.2
69.45 10.3
68.87 6.0
68.87 5.6
68.87 11.4
68.77 4.9
68.74 
68.43 7.2
68.42 3.2
68.41 4.1
67.76 7.2
67.76 6.2
67.67 
67.03 5.9
66.19 7.2
66.03 8.1
65.22 6.2
64.92 6.2
63.42 10.8
62.97 9.4
62.97 7.0
62.86 3.2
62.55 8.8
62.55 4.3
62.16 7.1
59.83 5.0
59.76 4.9
59.76 2.3
58.61 5.7
58.16 8.3
58.16 
53.48 2.2
52.69 7.1
52.68 4.6
47.72 5.7
45.07 5.1
45.07 4.6
42.99 5.1
 
