14.1 0.942
13.9 0.962
13.8 0.959
13.8 0.936
13.7 0.921
13.5 0.89
13.5 0.875
13.4 0.929
13.4 0.925
13.3 0.919
13.3 0.863
13.2 0.876
13.0 0.961
13.0 0.948
13.0 0.93
12.9 0.94
12.9 0.937
12.9 0.889
12.9 0.848
12.8 0.918
12.8 0.822
12.8 0.802
12.7 0.951
12.7 0.911
12.6 0.947
12.6 0.941
12.6 0.812
12.5 0.935
12.5 0.925
12.5 0.764
12.4 0.937
12.4 0.896
12.3 0.916
12.3 0.811
12.2 0.952
12.2 0.918
12.2 0.858
12.2 0.846
12.2 0.832
12.1 0.808
11.9 0.939
11.9 0.727
11.8 0.767
11.7 0.816
11.6 0.945
11.6 0.903
11.6 0.81
11.4 0.887
11.4 0.802
11.4 0.795
11.4 0.713
11.4 0.692
11.3 0.875
11.3 0.821
11.3 0.796
11.3 0.759
11.3 0.745
11.3 0.685
11.1 0.842
11.1 0.773
11.1 0.691
11.0 0.875
10.9 0.855
10.9 0.73
10.9 0.639
10.8 0.782
10.8 0.751
10.7 0.895
10.6 0.905
10.6 0.858
10.6 0.803
10.6 0.774
10.5 0.805
10.5 0.78
10.5 0.745
10.4 0.802
10.4 0.72
10.3 0.785
10.3 0.693
10.2 0.77
10.0 0.855
9.9 0.79
9.9 0.762
9.9 0.715
9.8 0.73
9.8 0.692
9.6 0.866
9.6 0.731
9.4 0.739
9.4 0.706
9.3 0.788
9.3 0.767
9.2 0.829
9.2 0.758
9.2 0.709
9.0 0.809
9.0 0.795
9.0 0.699
8.9 0.752
8.9 0.717
8.8 0.809
8.8 0.74
8.8 0.683
8.7 0.8
8.7 0.706
8.7 0.593
8.6 0.838
8.6 0.714
8.6 0.705
8.5 0.715
8.4 0.703
8.3 0.632
8.1 0.754
8.1 0.745
8.1 0.72
7.9 0.686
7.8 0.628
7.6 0.768
7.6 0.718
7.4 0.731
7.4 0.661
7.3 0.831
7.3 0.747
7.2 0.675
7.2 0.615
7.2 0.565
7.2 0.535
7.1 0.667
7.1 0.621
7.1 0.607
7.0 0.479
6.7 0.633
6.7 0.575
6.4 0.585
6.4 0.549
6.2 0.618
6.2 0.576
6.2 0.571
6.0 0.514
5.9 0.683
5.7 0.627
5.7 0.564
5.7 0.525
5.7 0.385
5.6 0.597
5.6 0.535
5.4 0.607
5.4 0.586
5.2 0.666
5.1 0.602
5.1 0.593
5.1 0.577
5.1 0.558
5.1 0.501
5.1 0.481
5.0 0.539
4.9 0.556
4.9 0.492
4.7 0.558
4.6 0.5
4.6 0.477
4.5 0.544
4.5 0.512
4.4 0.534
4.3 0.525
4.3 0.404
4.1 0.509
3.8 0.508
3.2 0.498
3.2 0.455
3.2 0.446
3.1 0.426
3.0 0.478
2.9 0.511
2.6 0.394
2.3 0.428
2.2 0.465
2.1 0.449
2.1 0.4
 
 
 
 
 
 
 
 
 
 
 
 
 
 
 
