14.1 54534.0
13.9 66933.0
13.8 55782.0
13.8 46808.0
13.7 64765.0
13.5 38048.0
13.5 37931.0
13.4 45225.0
13.4 42274.0
13.3 41524.0
13.3 32803.0
13.2 33034.0
13.0 84649.0
13.0 64660.0
13.0 60365.0
12.9 49452.0
12.9 44057.0
12.9 38745.0
12.9 30690.0
12.8 39746.0
12.8 27166.0
12.8 14664.0
12.7 62574.0
12.7 49238.0
12.6 55979.0
12.6 54489.0
12.6 30486.0
12.5 7879.0
12.5 44501.0
12.5 146830.0
12.4 52293.0
12.4 38188.0
12.3 53619.0
12.3 23943.0
12.2 62607.0
12.2 38884.0
12.2 32789.0
12.2 30132.0
12.2 20839.0
12.1 18849.0
11.9 90919.0
11.9 7917.0
11.8 14875.0
11.7 27054.0
11.6 76169.0
11.6 45937.0
11.6 23392.0
11.4 4566.0
11.4 29002.0
11.4 23079.0
11.4 19123.0
11.4 12948.0
11.3 46112.0
11.3 4548.0
11.3 30027.0
11.3 14131.0
11.3 13158.0
11.3 13021.0
11.1 4811.0
11.1 20925.0
11.1 13256.0
11.0 39497.0
10.9 9980.0
10.9 4620.0
10.9 24563.0
10.8 12578.0
10.8 11961.0
10.7 42840.0
10.6 51167.0
10.6 38354.0
10.6 26658.0
10.6 13001.0
10.5 26957.0
10.5 15242.0
10.5 14257.0
10.4 9924.0
10.4 22025.0
10.3 25831.0
10.3 16198.0
10.2 15918.0
10.0 87134.0
9.9 6583.0
9.9 12306.0
9.9 12246.0
9.8 8111.0
9.8 12672.0
9.6 33155.0
9.6 11732.0
9.4 13367.0
9.4 10588.0
9.3 17990.0
9.3 16792.0
9.2 8834.0
9.2 64490.0
9.2 17896.0
9.0 8920.0
9.0 21269.0
9.0 13484.0
8.9 14384.0
8.9 12349.0
8.8 6309.0
8.8 19974.0
8.8 10312.0
8.7 9526.0
8.7 3810.0
8.7 17030.0
8.6 31033.0
8.6 22465.0
8.6 11466.0
8.5 12048.0
8.4 7867.0
8.3 5745.0
8.1 14370.0
8.1 11488.0
8.1 10800.0
7.9 9977.0
7.8 3696.0
7.6 17504.0
7.6 15336.0
7.4 5472.0
7.4 10258.0
7.3 52920.0
7.3 15448.0
7.2 8634.0
7.2 8296.0
7.2 4790.0
7.2 3218.0
7.1 5625.0
7.1 5298.0
7.1 3085.0
7.0 1076.0
6.7 6590.0
6.7 4474.0
6.4 3851.0
6.4 2664.0
6.2 4021.0
6.2 3621.0
6.2 2889.0
6.0 2700.0
5.9 7303.0
5.7 8723.0
5.7 768.0
5.7 2482.0
5.7 2181.0
5.6 7679.0
5.6 2848.0
5.4 7700.0
5.4 5466.0
5.2 9438.0
5.1 4192.0
5.1 4079.0
5.1 3877.0
5.1 3142.0
5.1 1484.0
5.1 1289.0
5.0 2167.0
4.9 5075.0
4.9 1729.0
4.7 4009.0
4.6 2172.0
4.6 1622.0
4.5 4624.0
4.5 1466.0
4.4 2210.0
4.3 966.0
4.3 3409.0
4.1 5025.0
3.8 3575.0
3.2 2361.0
3.2 1314.0
3.2 1198.0
3.1 732.0
3.0 1824.0
2.9 3344.0
2.6 1364.0
2.3 2133.0
2.2 2481.0
2.1 2118.0
2.1 1240.0
 
 
 
 
 
 
 
 
 
 
 
 
 
 
 
