1181645 0.0
      3 -0.01
   2280 0.01
    561 0.02
    227 0.03
      1 -0.04
     89 0.04
    279 0.05
     84 0.06
      3 -0.07
     82 0.07
    658 0.08
    160 0.09
   1046 0.1
    202 0.11
     94 0.12
     37 0.13
     23 0.14
    206 0.15
      5 0.16
      1 -0.17
     30 0.17
     53 0.18
     12 0.19
   1410 0.2
     25 0.21
     72 0.22
      7 0.23
     15 0.24
    193 0.25
     20 0.26
     13 0.27
     38 0.28
     27 0.29
    115 0.3
     17 0.31
     50 0.32
     25 0.33
    100 0.34
     21 0.35
    139 0.36
     73 0.37
     20 0.38
    336 0.39
    155 0.4
     37 0.41
    459 0.42
     38 0.43
    550 0.44
     44 0.45
    368 0.46
    164 0.47
     74 0.48
    546 0.49
      1 -0.5
   7290 0.5
     48 0.51
    597 0.52
    134 0.53
    526 0.54
    233 0.55
    383 0.56
    182 0.57
    277 0.58
    503 0.59
    322 0.6
     19 0.61
    544 0.62
    268 0.63
    481 0.64
    175 0.65
     38 -0.66
    494 0.66
    140 0.67
    899 0.68
    231 0.69
   7813 0.7
     17 0.71
    217 0.72
      1 -0.73
   2036 0.73
     91 0.74
   2807 0.75
     17 -0.76
    306 0.76
     71 0.77
   3373 0.78
    110 0.79
      1 -0.8
   2133 0.8
     32 0.81
    218 0.82
   4470 0.83
     13 0.84
    443 0.85
     11 -0.86
    692 0.86
    274 0.87
      1 -0.88
   5426 0.88
     15 0.89
    943 0.9
     66 0.91
      5 0.92
   5607 0.93
      1 -0.94
    722 0.94
     12 -0.95
    878 0.95
      1 -0.96
   1194 0.96
     62 0.97
   5723 0.98
      3 -0.99
    235 0.99
      7 -1.0
 268227 1.0
      1 -10.0
   1334 10.0
     10 100.0
     31 10.01
      1 10.02
      2 10.03
      2 10.05
     19 10.08
      1 100.8
      1 10.09
    163 1.01
      7 10.1
      1 10.12
      1 10.13
      2 10.15
      1 -1.02
   1796 1.02
     11 10.2
      1 10.23
      1 10.25
      1 102.5
      1 -10.3
   5636 1.03
      8 10.3
      1 103.0
      1 10.31
     33 1.04
      1 10.4
   1016 1.05
      3 10.5
      1 105.0
      1 -10.56
      1 10.56
      1 10.58
   2678 1.06
      3 -1.07
     51 1.07
      4 10.7
      1 10.73
      1 10.74
      1 10.76
   7548 1.08
     17 10.8
      1 10.83
      1 10.85
      3 10.88
    112 1.09
      3 -1.1
   6003 1.1
     84 11.0
      3 110.0
      1 110.11
      1 11.02
      1 -11.06
      3 11.07
      3 11.08
   1432 1.11
      9 11.1
      1 111.0
     13 11.11
    546 1.12
     11 11.2
      2 11.25
   5198 1.13
      8 11.3
      1 11.35
      1 11.38
      9 -1.14
    207 1.14
      1 11.4
   1546 1.15
     29 11.5
      1 11.51
      1 11.59
      6 -1.16
   3104 1.16
      1 11.6
      1 116.28
      2 11.68
      1 11.69
   6185 1.17
      4 11.7
      1 11.75
   5694 1.18
     16 11.8
      1 11.88
     86 1.19
      1 11.91
      1 119.59
      2 -1.2
  27327 1.2
    116 12.0
      3 120.0
      1 12.04
      1 12.05
      1 12.06
      5 12.08
    164 1.21
      1 12.12
      1 121.75
      3 12.18
    221 1.22
      9 12.2
      1 12.25
   4654 1.23
     16 12.3
      2 12.33
   6200 1.24
      1 12.45
      1 12.46
  12813 1.25
      9 12.5
      1 125.0
      2 12.51
      4 -1.26
   5355 1.26
      1 12.61
    168 1.27
      2 12.7
   4462 1.28
     10 12.8
      1 12.88
    180 1.29
      2 12.92
   2422 1.3
     58 13.0
      1 13.01
      1 13.08
    304 1.31
      1 13.13
      2 13.14
      1 13.15
      1 13.18
  10261 1.32
      2 13.2
   4219 1.33
      5 13.3
      1 13.33
    157 1.34
      1 13.4
      2 13.43
   5880 1.35
      4 13.5
      1 135.0
      1 13.51
      1 13.56
      3 -1.36
  13976 1.36
      1 13.63
     52 1.37
      3 13.7
   1734 1.38
      5 13.8
      1 138.0
     31 1.39
      1 13.95
  12974 1.4
     39 14.0
      2 140.0
      1 14.04
      3 14.05
      2 14.08
    267 1.41
      1 -141.14
      1 14.16
    458 1.42
      3 14.2
    729 1.43
      1 14.3
    327 1.44
      1 14.48
  12232 1.45
      2 14.5
      1 145.7
      3 -1.46
  29213 1.46
  11010 1.47
      1 14.7
    479 1.48
      1 14.8
      1 14.86
    789 1.49
  60661 1.5
    190 15.0
      1 150.0
      1 150.08
     10 15.01
      1 15.05
     95 1.51
      1 15.1
      3 15.15
      1 15.16
      1 15.19
     51 1.52
      1 15.2
      1 15.28
    119 1.53
      1 15.3
   7639 1.54
      1 15.45
  23099 1.55
     12 15.5
      2 15.55
      3 -1.56
  46699 1.56
      1 15.6
      1 15.61
    312 1.57
      1 15.7
   2449 1.58
      4 15.8
      1 15.88
      1 -1.59
    449 1.59
      1 15.9
      1 15.94
      1 15.96
   1514 1.6
     29 16.0
      1 16.01
      1 16.08
      6 1.61
      1 16.18
  10546 1.62
      2 16.2
      1 16.25
      4 1.63
      2 16.3
      1 16.38
      3 1.64
  25647 1.65
      1 16.54
      2 -1.66
  64114 1.66
      1 16.6
      1 16.62
      1 16.66
   1069 1.67
      5 16.7
     32 1.68
      1 16.8
      1 16.89
     69 1.69
      1 16.95
  28685 1.7
     24 17.0
      1 17.01
      8 1.71
    147 1.72
    158 1.73
      2 17.3
    480 1.74
  33169 1.75
      6 17.5
      1 17.55
      2 -1.76
  75457 1.76
      1 17.6
      1 17.61
      1 17.66
   9395 1.77
      1 17.76
     85 1.78
      1 17.88
     73 1.79
   5507 1.8
     31 18.0
      1 180.0
      1 18.01
     75 1.81
      1 18.1
   5026 1.82
      1 18.2
    159 1.83
      1 18.36
   6038 1.84
  36926 1.85
      4 18.5
      1 18.54
      1 18.56
  82899 1.86
      1 18.6
     11 1.87
      1 18.7
    478 1.88
      2 18.8
      1 18.81
      2 18.88
    869 1.89
    344 1.9
      8 19.0
     10 1.91
   8406 1.92
      1 -1.93
     29 1.93
      1 19.39
    842 1.94
      1 -1.95
  45801 1.95
      1 19.5
      2 195.0
  85440 1.96
      1 19.61
      1 19.66
      1 19.67
     74 1.97
      2 19.7
      1 19.76
     13 1.98
      4 19.8
     86 1.99
      1 19.91
      1 19.94
      6 -2.0
 119812 2.0
      1 -20.0
    261 20.0
      5 200.0
      1 200.08
      1 20.02
      1 20.03
      1 20.04
      1 20.06
      1 20.07
      1 -200.8
      1 20.08
      1 200.8
    189 2.01
      1 20.15
     60 2.02
      2 20.2
    858 2.03
   1934 2.04
  40052 2.05
  86844 2.06
      1 20.62
      1 20.68
   3331 2.07
  12805 2.08
      4 20.8
    175 2.09
    180 2.1
     12 21.0
     27 2.11
    828 2.12
     49 2.13
      1 21.3
    874 2.14
  35434 2.15
      2 -2.16
  84001 2.16
      1 21.62
      2 2.17
    169 2.18
      2 21.8
   3464 2.19
      1 21.98
  26306 2.2
     32 22.0
    804 2.21
    360 2.22
      1 22.2
      5 22.22
     14 2.23
      2 22.3
     14 2.24
  32443 2.25
      2 22.5
      1 225.0
      1 22.56
  80388 2.26
      1 22.66
     26 2.27
     44 2.28
      1 22.8
     15 2.29
      1 229.7
   9495 2.3
      8 23.0
      7 2.31
  12035 2.32
      1 23.2
   3292 2.33
   4895 2.34
      1 23.42
  29986 2.35
      1 23.5
      2 -2.36
  76217 2.36
     14 2.37
      1 23.7
     33 2.38
    674 2.39
      1 23.96
    197 2.4
      4 24.0
      8 2.41
     10 2.42
      1 24.2
      1 24.25
     52 2.43
      1 24.3
      5 2.44
      2 24.4
      1 -2.45
  53489 2.45
      1 24.5
  72536 2.46
      1 24.61
      1 24.62
     24 2.47
    318 2.48
      3 24.8
   5657 2.49
   5898 2.5
     46 25.0
      1 250.0
      2 25.05
      1 -25.06
      1 25.06
     15 2.51
      1 25.15
      1 25.17
     23 2.52
      1 25.25
     15 2.53
      3 2.54
      5 -2.55
  32408 2.55
      1 25.5
      2 25.55
      1 25.56
  67623 2.56
      1 25.61
    127 2.57
  14200 2.58
      1 25.83
     11 2.59
   3144 2.6
      7 26.0
      6 2.61
      5 2.62
      1 26.2
      2 2.63
      2 26.3
   6330 2.64
  25262 2.65
  63316 2.66
      1 26.6
      1 26.61
      1 2.67
      1 26.73
     11 2.68
      1 26.8
      8 2.69
  22092 2.7
     11 27.0
      1 27.05
     35 2.71
      5 2.72
      1 27.28
     21 2.73
  15036 2.75
      1 27.54
      1 -2.76
  30163 2.76
      3 2.77
      9 2.78
   6837 2.79
   5853 2.8
      6 28.0
      1 28.02
  10719 2.82
   2734 2.83
      6 2.84
   4317 2.85
      1 28.51
  10328 2.86
    103 2.88
      1 28.88
      4 2.89
   3262 2.9
      4 29.0
      8 2.91
     12 2.92
     18 2.93
      1 -2.94
   6865 2.94
  18335 2.95
      5 2.96
      1 2.97
      1 29.7
      1 297.0
      2 2.98
      8 2.99
      1 29.94
  15999 3.0
      1 -30.0
     55 30.0
      1 30.08
      2 3.01
      1 30.15
      2 3.02
     12 3.03
     10 3.04
      1 30.49
   8011 3.05
     13 3.06
     18 3.07
  12503 3.08
      1 30.8
   6919 3.09
      5 3.1
      2 31.0
      2 3.11
      9 3.12
     14 3.15
      3 3.16
      2 3.17
      9 3.18
     10 3.19
  19710 3.2
      6 32.0
      3 3.21
      8 3.22
      1 32.2
      2 -3.24
   6577 3.24
     35 3.25
     19 3.26
      8 3.28
      3 3.29
   4625 3.3
     10 33.0
      4 3.31
      1 33.11
      1 33.18
   8783 3.32
   2380 3.33
      3 33.33
      1 3.34
   2772 3.35
      1 -3.36
      2 3.36
      1 33.7
      6 3.38
   6295 3.39
      9 3.4
      5 34.0
      2 3.42
     11 3.43
      2 34.3
      2 3.44
   6979 3.45
      1 34.5
      2 3.46
      1 34.6
      1 34.7
      6 3.48
   3335 3.5
     14 35.0
      4 3.51
     15 3.52
      2 3.53
      1 -35.32
      1 -3.54
   5627 3.54
    822 3.55
      1 -3.56
      6 3.56
      1 3.57
      1 35.7
   1874 3.58
      1 3.59
      1 35.98
     18 3.6
      1 36.0
      6 3.61
      2 36.2
      3 3.63
   2257 3.65
      3 3.66
      1 3.67
     12 3.68
      1 36.85
      1 36.86
   4980 3.69
    342 3.7
      3 37.0
      1 3.71
     20 3.72
      6 3.73
     35 3.75
      2 3.76
     43 3.78
   2162 3.8
      3 38.0
      1 3.81
      1 3.82
      1 38.2
   4878 3.84
     18 3.85
      2 3.86
      1 3.87
     59 3.88
      1 38.8
      1 3.89
     21 3.9
     28 3.92
      1 39.2
   1969 3.95
     15 3.96
     30 3.98
      1 -3.99
   4339 3.99
   4675 4.0
     41 40.0
      1 40.06
      3 4.01
      1 4.02
      2 40.2
      2 4.04
      5 4.05
      3 4.06
      1 40.73
     41 4.08
      2 4.09
    913 4.1
      1 41.0
     13 4.12
      1 41.2
     13 4.13
      1 -4.14
   1954 4.14
     26 4.15
      1 41.5
      3 4.16
      1 4.18
    186 4.2
      1 42.0
      1 4.22
      3 4.23
      1 42.46
    358 4.25
      1 42.53
      1 -4.26
      1 4.26
      1 42.8
    731 4.29
     14 4.3
      1 43.0
      4 4.31
     19 4.32
      1 4.33
      2 4.35
      1 4.36
      1 43.7
      1 4.38
      1 4.39
     48 4.4
      4 44.0
      6 4.41
      1 4.42
      1 44.22
     28 4.44
      3 4.45
      2 4.46
      2 4.47
     12 4.48
    125 4.5
     11 45.0
     13 4.52
      1 4.53
      1 45.37
      1 4.54
      1 45.42
      1 45.49
      3 4.55
      1 45.55
      1 -4.56
      4 4.56
      1 45.61
      2 4.58
      1 45.88
      1 45.89
      1 -4.59
      1 45.9
      8 4.6
      4 46.0
      1 4.61
      1 4.64
     16 4.65
     10 4.66
      1 4.68
      1 -4.69
      2 4.69
    126 4.7
      2 47.0
     21 4.72
      1 47.2
      6 4.73
      2 4.74
      2 4.75
      1 47.5
      1 4.78
     35 4.8
      2 48.0
      1 4.82
      3 4.83
      2 4.85
     11 4.86
      1 4.87
     12 4.88
      1 -4.89
      1 4.89
     16 4.9
     13 4.92
      1 49.2
      1 4.93
      1 4.96
      1 49.72
     13 4.98
      3 -5.0
   7450 5.0
     33 50.0
      1 -50.05
      1 50.05
      2 50.08
      1 5.01
      1 -5.04
      5 5.05
      1 50.5
      1 5.07
     53 5.08
      1 50.8
      5 5.09
      1 50.94
      2 5.1
      2 51.0
      6 5.12
     13 5.15
      2 51.5
      1 51.58
      3 5.16
     46 5.2
      4 52.0
      2 5.22
      1 5.23
      1 5.25
      1 52.7
      2 5.28
      3 5.3
      3 53.0
      3 5.31
      5 5.32
      2 -5.34
      2 5.35
      1 5.36
      1 53.68
      1 5.39
     17 5.4
      1 54.0
      1 54.2
      1 5.45
      1 5.46
    117 5.5
      8 55.0
      2 5.52
      1 5.53
      1 5.54
     44 5.55
      1 55.52
      1 -5.56
      1 5.56
      5 5.58
      2 5.6
      1 56.06
      1 5.62
     12 5.65
      1 5.66
      1 56.7
      2 5.68
      1 56.86
      1 56.92
     44 5.7
      1 57.0
      1 5.75
      6 5.76
      1 57.77
     64 5.8
      1 58.0
      5 5.83
      1 5.84
      3 5.85
      2 5.86
     13 5.88
      1 58.89
      1 5.89
      9 5.9
      1 -59.0
      1 59.0
      3 5.95
      6 5.98
      1 5.99
    676 6.0
     13 60.0
      1 6.03
      1 6.06
      4 6.08
      1 61.0
      1 6.11
      2 6.12
      1 6.13
      1 61.37
     18 6.15
      1 6.16
      1 61.6
      2 61.7
     38 6.2
      3 62.0
      1 6.24
      1 6.26
      4 6.3
      1 6.31
      1 6.33
      1 6.35
      1 -6.39
     14 6.4
      3 64.0
      1 6.44
      1 6.45
      2 6.48
     19 6.5
      7 65.0
      2 6.55
      2 6.57
      9 6.6
      1 66.0
      7 6.65
     11 6.66
      4 66.7
      1 66.73
     24 6.7
      1 67.41
      1 6.75
      1 6.76
      9 6.8
      1 6.83
      1 68.31
      1 6.88
      1 6.89
      4 6.9
      1 69.0
      1 69.58
      1 6.96
      1 6.97
      1 6.98
      1 -7.0
    404 7.0
     12 70.0
      1 7.02
      2 7.05
      2 70.5
      1 7.07
      7 7.08
      1 70.8
      1 71.0
      1 7.11
      2 7.16
      1 7.18
     23 7.2
      1 72.0
      7 7.22
      1 7.24
      1 72.58
      1 7.28
      7 7.3
      1 73.0
      1 7.31
      1 7.33
      1 7.34
      1 7.44
      1 74.59
      1 7.48
     23 7.5
      4 75.0
      1 7.55
      1 7.56
      1 7.57
      1 75.75
      1 7.58
      1 76.0
      1 76.2
      1 7.65
      1 76.7
      1 7.68
     16 7.7
      3 77.0
      1 77.17
      1 77.41
      3 7.75
      2 7.77
      1 77.77
     10 7.8
      1 7.84
      1 78.7
      1 7.88
      1 78.88
      1 7.91
      1 7.92
      1 79.32
      1 7.98
      1 -7.99
      1 7.99
      1 79.91
    392 8.0
     12 80.0
      1 80.08
      1 80.1
      1 8.05
      2 8.08
      1 80.8
      1 80.84
      1 8.1
      1 8.11
      1 8.12
      2 8.14
      1 8.15
      1 8.18
      8 8.2
      2 8.22
      1 8.23
      1 8.24
      1 8.28
     13 8.3
      1 83.36
      1 8.37
      1 8.38
      1 8.42
      8 8.5
      3 85.0
      1 8.51
      1 8.6
      1 86.32
      2 8.64
      2 8.65
      1 8.66
      1 8.68
     15 8.7
      1 8.71
      1 8.77
     25 8.8
      1 -88.0
      1 88.0
      1 88.08
      1 8.81
      1 8.85
      2 8.86
      9 8.88
      1 88.88
      1 8.89
      1 8.9
      1 89.4
      1 8.96
      1 -8.97
      1 8.97
      1 8.99
     89 9.0
      7 90.0
      1 9.04
      1 9.05
      3 9.08
      1 9.1
      1 -91.25
      1 91.25
      1 91.41
      1 9.19
      6 9.2
      1 92.0
      1 9.26
     12 9.3
      1 94.0
      1 9.44
      1 -9.5
      6 9.5
      2 95.0
      1 9.56
      1 95.7
      1 9.58
      1 96.0
      1 96.58
      1 9.66
      1 96.7
      8 9.7
      1 97.0
      1 9.73
      1 9.74
      1 9.76
      1 9.79
      8 9.8
      1 9.86
      1 -98.76
      1 9.89
      3 9.9
      4 99.0
      1 99.11
      2 9.99
